22119464375
29203301950
87176820538
30407529870
42427459151
85363338980
16869933901
82103386922
56645114516
71880028271
64912939633
85324769886
43047942307
93616779855
89765117272
82471654304
30040700810
01933875143
83106112930
21410300641
24029190197
82475534141
33484213140
77835804328
42202199357
85221430304
31406245143
47523217850
72042000396
09207591650
46512208439
15075635741
50878870407
92621680631
78609906019
19249299370
64972121670
51099537169
85027550723
02757805207
41655710249
18610193608
89573973456
04356994825
78488249934
97319319292
37597246803
98759281600
82401685154
11276747306
42876113066
92712107004
61266231854
94025425823
71789854610
79858560648
41903164230
79066108223
26204103636
68914798780
21185777105
40824823508
64581251788
43429931398
42834668248
26653385990
78931993501
53258300585
59553894313
07584924301
97467566808
70120562588
37060096094
20087688301
88730066204
04698110130
64000491180
41413767443
07151311419
68891120910
00763663328
75769975830
90798740604
44481805579
41963521463
77184512162
02942069651
75307391315
27700949980
50566212340
71782600507
41224032276
55909943812
62355156182
60518478122
86258953522
86759909607
23348078504
08389625644
82964589186
96895144153
82804157261
68627236852
71391774302
45407232006
61700249258
69378462820
45190123928
20310192285
16306402128
74055119372
27402511308
81612606130
41500583189
22616618605
97799542365
15230673656
22641769700
75571986549
90170972305
72161877410
51426787960
53790252000
06328414277
58133346371
96486716568
39872423024
69461814259
04523644853
59336500562
31677831685
59864696157
17076998874
06507339598
33616209617
11855815532
36773863066
31806738503
43845151200
25996985020
69558387177
10683086308
35879291146
14217852185
56490022745
56725039855
47373071651
79481039617
82335109804
15492855646
32939286337
45426592756
10352190779
91769280049
29736188434
00905735528
44295123617
69809314310
82975742703
71068614137
16225752960
33707970973
58703330591
66248651647
21106026438
59594349115
82543757392
80893804177
22997787807
40206155271
02251224645
33176665520
92534765914
53244509878
80441877826
40506011330
04017833241
09244314827
56978727474
00466454201
34379938875
38726780003
73346881989
38065941559
42480706001
79407532313
79511498703
33887895258
24296293800
71717751512
29006465453
21949252523
11866264885
46453279681
59878223272
01025546334
20054637953
51985288206
15319588933
97024722029
90941085422
98170322308
53506791800
90749294434
19450627541
34209960632
19952737408
14188129867
47672937669
82246647240
49403858095
69825718153
89251142750
98354654796
08572869433
69099239602
68458706164
96427713140
13235102817
05042883266
23623419095
16829125901
68878254223
97526822941
71920244654
26801622501
11564219267
98501000280
16218941698
17967111796
54398143297
16438255009
20402036050
38328397129
37042502604
72772644367
74774350214
29807774985
03247113878
89229011282
67100051274
70079844014
77838803985
93220745407
72982117819
14940585700
62095447387
26681281966
28189898337
33304498885
01352851008
27733090300
88311091463
60061332704
92660115842
06139808405
64047244210
58370563945
43518846655
18217522600
32122484918
75841242598
25603214830
98876302840
63144309842
24348012342
31849943680
56863409356
37797102937
01514899396
48578334418
75600609868
99098068430
56640269953
59496901506
63245563442
09501471330
75360548231
21843133350
14209777170
22365218806
09865111616
65836686106
27440682920
16023971806
64077276187
39596519450
84350184589
27834517783
72878316193
45847567243
14017533370
34231558337
47202650738
51102020281
72822716820
82372852981
12358661228
78397622551
04742984420
52711910440
91942558651
54641642605
54391142899
76566801103
16163714555
11962636712
52414622105
36211925816
83655557868
16590964483
90634339133
65184230050
43899552091
62421279704
66899414007
45739259533
91329636961
14815742308
65510864540
28004829589
89315552296
77550218153
05655939940
85743571031
93511351790
16096865941
59716515871
41893344304
93297693908
44138239820
35670953584
05019668206
75109500908
09108800260
28910069767
82338582187
61424642078
22822201455
34522264682
81415307806
86979050362
51620623838
59998274001
38398191643
71663286221
07409701781
90186520085
12739366558
12400379610
38529914554
21509827307
68558970700
71691183199
57667707588
70123618320
55539323190
42759445690
20373449100
00440607698
38798684175
68085020645
49353785499
51327215403
97701254404
33204045048
92958996280
75388369501
46584092593
09714975409
62175614417
01468190040
85903628176
72941737618
24144122670
02181603723
50995891621
83365304282
71871172055
07313029829
28013322912
27520507203
81516924215
70446375152
36406859383
66705007931
66157034246
38538791605
73728013625
75736924471
62933961628
55012173333
74987843358
26602830104
93972060521
60923962204
17786670076
94248865009
15293820508
25784964127
39224441211
31843571633
40702956821
61343410371
28884788897
42933907909
36951668868
49222316339
00885530004
88906717261
94536471871
18378913627
64890117784
25488028684
83997873291
12212116764
44738777360
35858305601
13031391209
80883257815
21381633501
92651886181
34098223481
94512132872
48669951819
68167034569
75874394982
53457092974
77245934002
30120078902
88026857976
22918026158
59976562926
10213720213
00346050618
08502417746
44772400826
85176279541
02851442279
81740976606
76810784284
50920942733
61148738401
57811571820
41924713454
44749489476
53922777058
74348427844
89699631899
86796752708
20204873142
44647150950
18200700348
16481625840
20595136699
89456942260
24613280133
65216083987
99246479718
73447055596
41291070893
28255065830
73976424978
03532600021
35776271665
67778910560
08963638480
98365356830
26656231888
30306365260
67364089110
42832733255
41898199809
15791711760
35805795922
01594241007
74785062240
48982146490
73664240480
88035494201
13514171343
07621841087
88587731440
50909693374
51467222852
38859075181
99753752431
09990461600
08612875846
11047069385
22129311580
75912201600
44487267463
57924064990
54638204732
84682170007
61843628953
66459089892
91422955486
26457449409
12604226588
34628936536
63589515805
71099819679
82614178322
18071813400
66562318378
03063652601
73640891449
67823147548
71436145210
85893718240
96272322461
42078257893
79847867550
33829793731
08659081765
26398720601
02500679519
94522779127
39275995141
16812303720
33138395090
02011635608
31110848099
24207642269
80497267209
47068961185
98029647603
17934826672
37981171792
54504635968
63361967201
06788770255
92666588807
12190240905
41590936981
31010674480
49044173219
57966662586
72988127000
21606072404
96183408131
67585394586
64378768593
26828343883
36205168391
87075303155
46949204051
66641223671
79556505903
98019990470
26338772494
89236802575
96230624869
14617334564
42813966169
08679013579
08523767070
54452917585
03148775252
79921837389
86818628478
23442615593
48485881036
15278198923
51072650142
21370930496
74577414708
73671196998
84616749957
83255831776
31605947504
65125466522
05789154999
97660729144
15312587605
58152378178
77601762955
70614751969
78078810385
44388575038
39332825270
21981150188
05239942650
91144249759
33372347471
74698063930
48354368149
11335212230
09688650706
99129811201
01097296687
61302776363
29684460023
30783533462
27538289704
53052465040
02326117344
88943560354
91493286382
44625458854
23117608400
67837939239
73160141993
47128680900
08213284682
57029083091
51294791494
19780141804
12847740589
02648059172
84946800484
51309756856
72046538315
93256159168
69169406707
32335524240
53242443926
53972540612
37833264946
63474460498
93582937488
72280534436
84894191083
91177564726
45299695411
86409290845
70420871357
49220560410
38410068419
74900028690
01247532992
64063648052
45556952914
60804886202
09564628202
68414743765
85596608106
55882286425
80906398282
18792844995
20921112998
73055175697
94852293481
17714776951
00509525440
03905086670
17848454770
21920739254
78051934369
80631956808
00152444661
53917447843
72325598870
95725106900
59520480137
60335181520
56733103826
71408895544
26241957775
64871504280
68432202312
09241324260
96940172386
13895877620
51735599263
13254661583
29707500310
28184644809
55708516585
92029317128
03656378827
57097485442
32834878200
82756240532
87597961200
02512734404
11090006268
52938852436
58455686685
49899882569
76708818523
57783100210
67309017218
83834353710
34906552226
56664617960
19194062200
78978646697
59115106004
95800320683
56900326030
28816487461
71393820182
62975560249
74472195682
00911744657
51952610320
93007385180
33979865320
27247584475
19849717866
78650287255
09145653380
24876864217
28786917331
20841144702
54171122082
35794531304
26320871040
30364467614
73901301305
06152774209
67285085626
52118294174
17495964740
40134117921
80526990457
46886057146
62508039209
15804040227
47436492187
57687693078
70409179205
21145198058
78093841806
75094644637
45832413725
37511651003
35907024437
13135938263
20989414205
54695252368
57838292000
82564096735
99473311729
30959283439
07476540344
07329986461
25693677613
07260267607
15599920771
67174001297
92286410968
02998594280
43710637643
96948316360
51420315048
47739800520
20975712551
75592235836
00850489091
90124373186
29596172158
58857805875
88846316290
62968748980
58731237487
16506557389
01142114856
92304396810
02792823380
71646339673
01838557016
20436860627
88756261039
35862744592
73739363002
85416430001
71905367287
22181568499
79055405108
08120732235
97607572228
22278483161
94410803492
36938154619
12074572565
69151177099
79293049228
83717332597
53262838594
43592342878
20031232701
14827445389
84685236904
98312955011
89121946230
33065237393
33208926901
85392409555
50280208766
05681979920
63525905270
78551760475
76616973786
25661316356
04413524055
27564230762
41844898180
78266426040
38463678009
77437178877
17245728577
47473245260
64544408695
16766604450
80572690738
09452752505
65266901306
80758977905
81996168304
57189702970
60398337420
59876308270
35150360244
67824455068
33522683633
67269935602
64336850054
41455665053
91624009247
04571199007
83367777501
48341492423
18197571880
04740839695
24233693282
78270601373
13009270895
48539755351
93888628130
90501451323
79760262754
60077536622
49374334747
25110597626
14329728800
59637864105
50573760985
11269199692
02208624947
31638515336
86537560357
70844002658
61453221107
94643292032
33019871760
68205304041
75298424201
74591853616
33389168680
99339821092
33869566450
51145718850
00282649166
29396853208
47698430464
79423936156
67798897682
51172824770
16543300434
07008019360
38751831007
61129214133
03006240260
91901824721
55341334817
42131778317
58043422079
21993852212
14303314021
62451475226
32178720455
20003092089
75916465165
22084150787
56357508772
88704926218
16806786049
99060192478
28327332473
18981998175
57917117359
58057959061
15942410747
47850622405
89821464742
36642404807
80354942107
35141713008
76218410870
85877314599
09096933583
14672228363
88590751902
97537524076
99904616000
86128758118
10470693185
48074135039
34692895578
75796171704
05058411938
32193060550
32026012024
69881890098
48250522230
15136290340
76619972314
85699961445
90074201514
00098670310
66317918635
22806707633
47345875741
64120378292
94622943727
24339365009
40233908366
08118039102
79523100890
51961257602
84603429487
70523134568
85411585511
58502240501
22515191304
03132127671
39453348295
25834036724
58712943088
24394468906
05842565404
76867383530
13485657050
63816611516
12765317534
00383803829
04469223239
70029945143
44503771256
44100363869
71923233220
76839287637
08135986726
75104455408
21502927004
18687525850
67251860686
30291046134
94695747880
09078604786
52631743300
17065649539
97827812821
15653804959
44775520415
44840341826
31715101111
40388826592
39110759522
62641553147
93824153785
78903797736
48908549161
60841639396
16421434720
04761278900
34913100831
97232196032
80188655905
43607318255
84306529223
05236853001
31015693628
46701760996
81064633382
23991249600
67895031708
99707353147
02437611800
24619071455
94457556505
33895069264
58321017746
28577679780
11543960880
73989609211
88177302892
07977859149
53212900164
61080944516
13582110940
70877053006
99118109250
83923824203
90095550895
90095550895